9 5 135 20
8 4 135 19
7 3 135 18
6 2 135 17
5 1 135 16
4 0 135 15
4 1 45 15
3 2 45 14
2 3 45 13
1 4 45 12
0 5 45 11
1 5 315 11
2 6 315 10
3 5 225 10
4 4 225 9
5 3 225 8
6 2 225 7
7 1 225 6
8 0 225 5
8 1 315 5
9 2 315 4
8 2 45 4
7 3 45 3
6 4 45 2
5 5 45 1
3 7 315 10
4 8 315 9
5 9 315 8
5 8 225 8
6 7 225 7
7 6 225 7
8 5 225 6
9 4 225 5
8 4 135 5
7 3 135 4
6 2 135 3
5 1 135 2
4 0 135 1
4 1 45 1
7 8 315 7
8 9 315 6
8 8 225 6
9 7 225 5
8 7 135 5
7 6 135 4
6 5 135 3
5 4 135 2
6 3 225 2
7 2 225 1
6 5 315 2
7 6 315 1
4 3 135 2
4 5 45 2
3 6 45 1
5 6 135 7
6 5 225 7
7 4 225 6
8 3 225 5
9 2 225 4
8 2 135 4
7 1 135 3
6 0 135 2
6 1 45 2
5 2 45 1
6 7 315 7
4 5 135 7
3 4 135 6
2 3 135 5
1 2 135 4
0 1 135 3
1 1 225 3
2 0 225 2
2 1 315 2
3 2 315 1
4 7 45 7
5 6 225 7
5 8 315 7
6 9 315 6
6 8 225 6
7 7 225 5
8 6 225 4
9 5 225 3
10 4 225 2
3 6 135 7
2 5 135 6
1 4 135 5
0 3 135 4
1 3 225 4
2 2 225 3
3 1 225 2
4 0 225 1
4 1 315 1
3 8 45 7
2 9 45 6
2 8 135 6
1 7 135 5
0 6 135 4
1 6 225 4
2 5 225 3
3 4 225 2
4 3 225 1
5 8 45 7
4 9 45 6
4 8 135 6
3 7 135 5
2 6 135 4
1 5 135 10
0 4 135 9
1 4 225 9
2 3 225 8
3 2 225 7
4 1 225 6
5 0 225 5
5 1 315 5
6 2 315 4
7 3 315 3
8 4 315 2
9 5 315 1
1 7 45 10
0 8 45 9
1 8 315 9
2 9 315 8
2 8 225 8
3 7 225 7
4 6 225 6
5 5 225 5
6 4 225 4
7 3 225 3
8 2 225 2
9 1 225 1
8 1 135 1
##########
#/\/X\/X\#
#\/X X* X#
#/X X/XX/#
#X o/X/*\#
#\//*/* X#
#/X//X */#
#X/X/*X/\#
#\X/\//\/#
#####X####
